Initial Matrix:
  5.00  2.00  2.00  2.00  2.00  2.00  2.00  2.00
  2.00  5.00  2.00  2.00  2.00  2.00  2.00  2.00
  2.00  2.00  5.00  2.00  2.00  2.00  2.00  2.00
  2.00  2.00  2.00  5.00  2.00  2.00  2.00  2.00
  2.00  2.00  2.00  2.00  5.00  2.00  2.00  2.00
  2.00  2.00  2.00  2.00  2.00  5.00  2.00  2.00
  2.00  2.00  2.00  2.00  2.00  2.00  5.00  2.00
  2.00  2.00  2.00  2.00  2.00  2.00  2.00  5.00


Inversed Matrix:
  0.30 -0.04 -0.04 -0.04 -0.04 -0.04 -0.04 -0.04
 -0.04  0.30 -0.04 -0.04 -0.04 -0.04 -0.04 -0.04
 -0.04 -0.04  0.30 -0.04 -0.04 -0.04 -0.04 -0.04
 -0.04 -0.04 -0.04  0.30 -0.04 -0.04 -0.04 -0.04
 -0.04 -0.04 -0.04 -0.04  0.30 -0.04 -0.04 -0.04
 -0.04 -0.04 -0.04 -0.04 -0.04  0.30 -0.04 -0.04
 -0.04 -0.04 -0.04 -0.04 -0.04 -0.04  0.30 -0.04
 -0.04 -0.04 -0.04 -0.04 -0.04 -0.04 -0.04  0.30


